Report for parameter search
Update 18 Mar 2024
**************GLOBAL*******************
dip == 58; h2o_p =0; R = 1; s2ratio= 0.5;
vs = [2047, 3645, 1200, 2291, 2314, 3457, 3616];
rho = [2407, 2688, 2165, 2465, 2470, 2667, 2685];
dep = [0.0, 0.63, 1.2, 1.42, 2.03, 2.19, 5.96];
***************VARYING******************
mu_s, mu_d, coh., avg. static deltaS(0-1km), avg. dynamic deltaS(0-1km), avg. S(0-1km)
     0.300,      0.150,      0.000,      0.839,      2.608,        NaN,
     0.400,      0.150,      0.000,      2.058,      4.989,        NaN,
     0.500,      0.150,      0.000,      3.476,      8.029,        NaN,
     0.600,      0.150,      0.000,      5.104,     11.867,        NaN,
     0.300,      0.250,      0.000,     -0.900,      0.869,        NaN,
     0.400,      0.250,      0.000,      0.062,      2.993,        NaN,
     0.500,      0.250,      0.000,      1.181,      5.735,        NaN,
     0.600,      0.250,      0.000,      2.467,      9.230,        NaN,
     0.300,      0.350,      0.000,     -2.639,     -0.869,        NaN,
     0.400,      0.350,      0.000,     -1.933,      0.998,        NaN,
     0.500,      0.350,      0.000,     -1.113,      3.441,        NaN,
     0.600,      0.350,      0.000,     -0.170,      6.593,        NaN,
     0.300,      0.450,      0.000,     -4.377,     -2.608,        NaN,
     0.400,      0.450,      0.000,     -3.929,     -0.998,        NaN,
     0.500,      0.450,      0.000,     -3.407,      1.147,        NaN,
     0.600,      0.450,      0.000,     -2.807,      3.956,        NaN,
     0.300,      0.150,      1.000,      1.429,      3.795,    -63.277,
     0.400,      0.150,      1.000,      2.716,      6.335,    -14.594,
     0.500,      0.150,      1.000,      4.202,      9.565,      2.978,
     0.600,      0.150,      1.000,      5.902,     13.623,      2.204,
     0.300,      0.250,      1.000,     -0.434,      1.932,    -41.313,
     0.400,      0.250,      1.000,      0.582,      4.201,     -0.217,
     0.500,      0.250,      1.000,      1.755,      7.118,      2.511,
     0.600,      0.250,      1.000,      3.097,     10.818,      4.949,
     0.300,      0.350,      1.000,     -2.297,      0.068,     -2.011,
     0.400,      0.350,      1.000,     -1.552,      2.067,     -3.055,
     0.500,      0.350,      1.000,     -0.692,      4.671,    155.693,
     0.600,      0.350,      1.000,      0.292,      8.013,     -0.098,
     0.300,      0.450,      1.000,     -4.160,     -1.795,     -0.108,
     0.400,      0.450,      1.000,     -3.687,     -0.067,     -0.606,
     0.500,      0.450,      1.000,     -3.139,      2.224,    -28.963,
     0.600,      0.450,      1.000,     -2.513,      5.208,     -1.000,
     0.300,      0.150,      2.000,      1.954,      4.961,      2.939,
     0.400,      0.150,      2.000,      3.318,      7.652,      6.016,
     0.500,      0.150,      2.000,      4.880,     11.065,      2.574,
     0.600,      0.150,      2.000,      6.655,     15.337,      2.121,
     0.300,      0.250,      2.000,     -0.020,      2.987,      0.778,
     0.400,      0.250,      2.000,      1.057,      5.391,      1.152,
     0.500,      0.250,      2.000,      2.290,      8.475,      0.958,
     0.600,      0.250,      2.000,      3.692,     12.373,     -4.470,
     0.300,      0.350,      2.000,     -1.993,      1.013,     -1.828,
     0.400,      0.350,      2.000,     -1.204,      3.130,     -4.884,
     0.500,      0.350,      2.000,     -0.300,      5.885,      2.845,
     0.600,      0.350,      2.000,      0.728,      9.409,      9.712,
     0.300,      0.450,      2.000,     -3.967,     -0.960,     -1.398,
     0.400,      0.450,      2.000,     -3.465,      0.869,     -2.191,
     0.500,      0.450,      2.000,     -2.890,      3.295,     -0.877,
     0.600,      0.450,      2.000,     -2.236,      6.446,     -6.326,
     0.300,      0.150,      3.000,      2.457,      6.119,     -0.052,
     0.400,      0.150,      3.000,      3.876,      8.946,      3.511,
     0.500,      0.150,      3.000,      5.510,     12.529,      2.397,
     0.600,      0.150,      3.000,      7.365,     17.009,      2.080,
     0.300,      0.250,      3.000,      0.377,      4.040,     -4.616,
     0.400,      0.250,      3.000,      1.497,      6.567,      7.721,
     0.500,      0.250,      3.000,      2.788,      9.806,     -0.511,
     0.600,      0.250,      3.000,      4.252,     13.896,      5.639,
     0.300,      0.350,      3.000,     -1.702,      1.960,     -1.696,
     0.400,      0.350,      3.000,     -0.881,      4.189,    -12.384,
     0.500,      0.350,      3.000,      0.065,      7.084,     -1.506,
     0.600,      0.350,      3.000,      1.138,     10.783,      0.622,
     0.300,      0.450,      3.000,     -3.782,     -0.119,     -1.526,
     0.400,      0.450,      3.000,     -3.259,      1.811,     -2.826,
     0.500,      0.450,      3.000,     -2.657,      4.361,     -1.332,
     0.600,      0.450,      3.000,     -1.975,      7.670,      1.741,
     0.300,      0.150,      4.000,      2.960,      7.278,    -28.279,
     0.400,      0.150,      4.000,      4.429,     10.237,      2.970,
     0.500,      0.150,      4.000,      6.116,     13.975,      2.303,
     0.600,      0.150,      4.000,      8.034,     18.643,      2.061,
     0.300,      0.250,      4.000,      0.774,      5.093,      1.096,
     0.400,      0.250,      4.000,      1.934,      7.742,    -11.819,
     0.500,      0.250,      4.000,      3.266,     11.125,     -3.380,
     0.600,      0.250,      4.000,      4.780,     15.389,    -13.127,
     0.300,      0.350,      4.000,     -1.411,      2.907,     -1.338,
     0.400,      0.350,      4.000,     -0.561,      5.247,     -9.028,
     0.500,      0.350,      4.000,      0.416,      8.275,    183.919,
     0.600,      0.350,      4.000,      1.526,     12.135,     -5.539,
     0.300,      0.450,      4.000,     -3.597,      0.722,     -1.523,
     0.400,      0.450,      4.000,     -3.056,      2.753,     -3.370,
     0.500,      0.450,      4.000,     -2.434,      5.425,     -1.872,
     0.600,      0.450,      4.000,     -1.728,      8.881,     -2.999,
     0.300,      0.150,      5.000,      3.463,      8.437,      4.370,
     0.400,      0.150,      5.000,      4.981,     11.528,      2.720,
     0.500,      0.150,      5.000,      6.721,     15.422,      2.245,
     0.600,      0.150,      5.000,      8.695,     20.270,      2.051,
     0.300,      0.250,      5.000,      1.171,      6.146,     -4.509,
     0.400,      0.250,      5.000,      2.370,      8.917,     -2.991,
     0.500,      0.250,      5.000,      3.744,     12.444,    -17.651,
     0.600,      0.250,      5.000,      5.302,     16.876,      8.726,
     0.300,      0.350,      5.000,     -1.120,      3.854,     -0.359,
     0.400,      0.350,      5.000,     -0.241,      6.306,      1.320,
     0.500,      0.350,      5.000,      0.766,      9.466,      4.407,
     0.600,      0.350,      5.000,      1.909,     13.483,      4.373,
     0.300,      0.450,      5.000,     -3.412,      1.563,     -1.388,
     0.400,      0.450,      5.000,     -2.852,      3.694,     -3.852,
     0.500,      0.450,      5.000,     -2.212,      6.489,     -2.566,
     0.600,      0.450,      5.000,     -1.485,     10.090,     -5.932,
